gene_name	Adrenal	Aorta	Esophagus	Fat	Gastric	Liver	Lung	Pancreas	Psoas	Right_ventricle	Colon	Small_intestines
AHCTF1	4.2273	3.7254	6.8766	12.9803	3.1398	8.2657	17.1598	1.9127	7.1789	4.2443	0.0	0.0
AR	0.0	1.2013	0.0	3.9035	0.0	11.35	0.0	0.0	1.0432	1.2026	0.0	0.0
ARGFX	0.0	0.0	0.0	0.0	0.0	0.0	0.0	0.0	0.0	0.0	0.0	0.0
ARHGAP35	2.5847	2.7881	7.6236	7.9146	2.3959	14.2128	7.4729	2.3025	9.9121	13.4128	0.0	1.4106
ARID3A	1.318	0.0	2.89	10.2304	0.0	1.6228	22.476	1.8163	5.6508	4.4403	0.0	0.0
ARID5A	13.1168	54.6081	7.2809	44.6291	4.3603	13.3991	41.8089	5.2351	17.9531	27.5691	0.0	0.0
ARID5B	3.1541	7.0111	4.9201	34.0261	2.1232	1.0226	8.8755	1.0243	55.5125	3.6683	0.0	0.0
ARNT	8.0155	4.497	7.1519	13.8031	3.768	10.121	16.5427	3.5442	8.6722	7.2805	1.4385	1.7664
ARNT2	0.0	0.0	0.0	1.3144	0.0	0.0	3.6925	2.1023	2.1067	0.0	0.0	0.0
ARNTL	4.8262	2.6997	6.547	8.6331	3.1624	8.795	9.2642	2.3597	17.6477	5.5367	0.0	2.913
ARNTL2	0.0	0.0	22.3228	3.0616	2.5652	1.4438	5.6546	1.0323	0.0	0.0	0.0	0.0
ARX	0.0	0.0	0.0	0.0	0.0	0.0	0.0	3.3654	2.3177	0.0	0.0	0.0
ATF1	2.1053	2.273	7.705	8.4109	3.5904	7.054	11.5481	2.1659	14.2338	4.8151	1.6232	2.1887
ATF2	5.6154	4.5197	4.9019	9.1162	5.0152	8.6406	10.6103	3.5199	4.1958	5.2804	0.0	1.0802
ATF3	6.5387	13.113	3.5733	37.7225	8.3223	3.9803	15.1034	5.4955	16.7567	24.6525	1.7891	2.0416
ATF4	350.2936	161.4592	313.1719	427.3686	365.1774	184.5739	318.24	110.9729	958.8104	312.3766	25.3777	55.6602
ATF5	21.483	2.6425	10.9007	45.7466	8.2672	1613.8103	23.4371	3.6676	14.9793	13.2516	0.0	4.3801
ATF6	1.3561	1.5914	5.1002	12.4501	1.9008	8.2616	11.4416	1.8783	6.019	6.5849	0.0	0.0
ATF6B	22.2265	23.6223	39.2337	41.9849	19.6047	27.3863	60.3033	15.5477	11.0357	15.519	1.4187	1.5069
ATF7	5.098	5.5409	11.7412	14.3846	5.8921	3.7484	11.891	2.9474	12.615	7.8083	0.0	1.2689
ATOH1	0.0	0.0	0.0	0.0	0.0	0.0	0.0	0.0	0.0	0.0	4.7271	1.4772
ATOH7	0.0	0.0	0.0	0.0	0.0	0.0	0.0	0.0	0.0	0.0	0.0	0.0
ATOH8	2.9969	16.1675	4.3754	13.9763	8.1665	22.636	27.672	3.0917	43.444	28.4999	0.0	0.0
ATXN7	1.8629	1.3985	2.9814	6.1686	1.1143	2.8455	4.9855	2.1263	2.648	1.4962	0.0	0.0
BARHL1	0.0	0.0	0.0	0.0	0.0	0.0	0.0	0.0	0.0	0.0	0.0	0.0
BARHL2	0.0	0.0	0.0	0.0	0.0	0.0	0.0	0.0	0.0	0.0	0.0	0.0
BARX1	0.0	0.0	1.2084	3.8803	63.0158	0.0	0.0	0.0	0.0	0.0	0.0	0.0
BARX2	0.0	0.0	84.0345	2.4296	12.4998	0.0	0.0	2.7668	0.0	0.0	0.0	2.4505
BATF	2.6329	0.0	1.6035	4.551	3.6735	0.0	46.6713	0.0	0.0	1.0255	0.0	0.0
BATF2	1.0391	0.0	0.0	5.3331	4.2347	2.3767	4.4423	0.0	2.241	1.0346	0.0	1.0988
BATF3	2.3299	1.6084	1.2091	4.8023	1.784	0.0	13.6274	0.0	0.0	1.8174	0.0	0.0
BCL6	26.2702	13.796	21.5653	126.1598	15.1867	14.523	90.5335	9.9673	99.9948	22.7345	0.0	0.0
BCL6B	2.8431	0.0	1.5349	12.5688	0.0	1.3724	9.8516	0.0	2.7168	5.8497	0.0	0.0
BHLHE40	17.1905	8.1276	138.0126	74.3366	15.9813	14.6735	57.3442	11.1106	41.8743	6.5669	1.3357	0.0
BPTF	7.0756	4.4317	10.7806	9.3144	4.9418	7.1286	10.3334	5.7471	7.7021	6.2651	0.0	1.5206
BRCA1	0.0	0.0	2.4994	0.0	1.1165	1.144	1.9365	0.0	1.3409	1.1567	0.0	0.0
CAMTA1	53.9413	62.8145	56.1867	37.5639	79.4439	47.9569	44.3433	15.1883	91.4668	148.5444	11.8206	19.8641
CAMTA2	32.4104	14.2957	16.3121	28.8642	15.5355	9.7907	20.9622	28.278	20.375	26.8666	1.6012	7.2667
CARHSP1	58.2802	13.7144	154.8343	62.1549	61.7998	87.3893	71.3794	18.1303	13.7955	26.466	5.6961	9.6283
CDX2	0.0	0.0	0.0	2.6756	0.0	0.0	0.0	2.2104	0.0	0.0	9.8249	9.78
CEBPA	0.0	0.0	0.0	24.6285	0.0	7.005	0.0	0.0	0.0	0.0	0.0	0.0
CEBPB	30.5252	11.1286	17.3293	152.728	20.7029	31.1703	159.898	4.8889	99.1688	34.2888	1.1933	1.9433
CENPT	46.4395	33.2305	27.7211	34.9306	24.5244	9.5588	19.6801	35.7901	15.8763	21.8549	0.0	8.7579
CNOT3	15.5337	6.6098	13.6326	13.6417	7.8608	8.6372	16.9917	8.9332	9.3679	8.9482	0.0	2.3626
CNTF	0.0	0.0	0.0	0.0	0.0	0.0	0.0	0.0	1.2559	0.0	0.0	0.0
CREB1	1.1045	2.2211	5.9746	9.2629	2.555	4.9646	13.5825	1.8091	4.6343	2.6975	0.0	2.4837
CRX	0.0	0.0	0.0	0.0	0.0	0.0	0.0	0.0	0.0	0.0	0.0	0.0
CTCF	5.0398	3.0387	9.7531	7.8036	5.1076	6.1564	8.8918	4.3991	8.7433	6.3394	1.1271	1.8529
CTCFL	0.0	0.0	0.0	0.0	0.0	0.0	0.0	0.0	0.0	0.0	0.0	0.0
CTD-2173L22.4	0.0	0.0	0.0	0.0	0.0	0.0	0.0	0.0	0.0	0.0	0.0	0.0
DDIT3	34.0367	8.5372	22.7857	22.3818	30.7115	15.6847	40.0138	14.4422	137.2416	69.8369	2.089	8.151
DMRT1	0.0	0.0	0.0	0.0	0.0	0.0	0.0	0.0	0.0	0.0	0.0	0.0
DMRT2	0.0	0.0	0.0	5.55	0.0	0.0	0.0	0.0	1.362	0.0	0.0	0.0
DMRT3	0.0	0.0	0.0	0.0	0.0	0.0	0.0	0.0	0.0	0.0	0.0	0.0
DMRTA1	0.0	0.0	1.1204	0.0	0.0	3.4226	0.0	0.0	0.0	0.0	0.0	0.0
DMRTA2	0.0	0.0	0.0	0.0	0.0	0.0	0.0	0.0	0.0	0.0	0.0	0.0
DMRTB1	0.0	0.0	0.0	0.0	0.0	0.0	0.0	0.0	0.0	0.0	0.0	0.0
DMRTC2	0.0	0.0	0.0	0.0	0.0	0.0	0.0	0.0	0.0	0.0	0.0	0.0
DMTF1	15.7692	11.0697	12.815	14.2171	11.2295	4.8834	16.1749	11.7828	9.2498	6.5984	0.0	2.4467
E2F1	2.2133	0.0	4.7125	0.0	2.06	1.2349	2.6072	0.0	0.0	0.0	0.0	0.0
E2F3	1.8413	1.7417	2.5769	2.0302	1.1609	1.716	8.6129	0.0	4.2107	1.7698	0.0	0.0
E2F4	24.4591	10.0289	37.0578	38.7859	14.3396	16.1395	53.8658	15.0415	65.0513	24.2996	2.9186	5.7581
E2F6	2.7921	1.8959	4.0186	6.9877	2.4743	5.9781	7.9624	2.7728	19.4098	5.2133	0.0	0.0
EBF1	2.6523	5.7612	0.0	33.9637	0.0	0.0	0.0	0.0	1.1942	2.0728	0.0	0.0
EGR1	15.8627	73.2297	35.7815	422.9348	13.7044	17.3539	83.6736	12.1477	116.4835	10.1079	4.2416	0.0
EGR2	0.0	0.0	0.0	5.59	0.0	0.0	1.7921	0.0	0.0	0.0	0.0	0.0
EHF	0.0	0.0	91.1119	12.2031	5.5851	0.0	33.4288	3.8572	0.0	0.0	3.274	3.946
ELF1	2.1343	5.8989	25.4468	22.2423	4.5238	12.6873	34.577	5.1474	7.9632	7.0459	1.7015	3.9101
ELF5	0.0	0.0	0.0	0.0	0.0	0.0	0.0	0.0	0.0	0.0	0.0	0.0
ELK1	7.7459	7.6964	13.8467	26.3297	4.1584	27.7444	39.5625	3.5468	27.9122	29.8768	0.0	1.5225
ELK4	1.2325	1.2405	2.9141	2.4891	1.6752	2.5935	2.8736	1.8307	6.8748	2.8871	0.0	0.0
EN1	0.0	0.0	0.0	0.0	0.0	0.0	0.0	0.0	0.0	0.0	0.0	0.0
ERG	1.6228	8.2893	1.5313	13.4724	1.0918	5.082	13.5099	0.0	4.2456	6.6211	0.0	0.0
ESR1	0.0	0.0	0.0	2.309	0.0	34.1973	0.0	0.0	4.1084	0.0	0.0	0.0
ESR2	1.0913	0.0	0.0	1.2135	0.0	0.0	0.0	0.0	0.0	0.0	0.0	0.0
ESRRA	19.1605	6.8615	48.1663	49.897	26.0479	42.8432	46.9525	16.4639	231.528	122.1871	8.9805	39.655
ESRRB	0.0	0.0	0.0	0.0	1.1677	0.0	0.0	0.0	1.1209	0.0	0.0	0.0
ETS1	3.3576	3.2173	2.8258	49.2122	2.839	12.0176	43.1066	3.1695	7.7954	12.4526	0.0	1.0538
ETS2	12.6741	17.4044	41.0817	47.8728	25.0322	31.4634	106.8111	7.2837	71.6391	16.3051	3.2236	13.6415
ETV1	11.8007	2.1663	0.0	1.6917	0.0	1.0344	11.2895	2.3266	0.0	12.795	0.0	0.0
ETV2	1.7866	0.0	2.2435	2.6761	1.4917	1.4936	0.0	0.0	0.0	0.0	0.0	0.0
ETV3	1.0108	1.3502	6.8786	6.7156	2.5416	2.0318	6.6711	0.0	6.143	2.4518	0.0	1.9141
ETV3L	0.0	0.0	0.0	0.0	0.0	0.0	0.0	0.0	0.0	0.0	0.0	0.0
ETV4	2.3292	1.0323	5.3821	0.0	1.3981	0.0	1.5744	4.7868	0.0	1.9439	0.0	0.0
ETV5	11.4296	2.0662	1.4431	2.7733	1.4392	3.8199	8.3338	3.937	5.3375	3.69	0.0	0.0
ETV6	4.1833	5.1183	4.844	5.5295	3.2606	2.0691	8.3916	1.6596	4.9485	1.8502	0.0	0.0
ETV7	0.0	0.0	2.4431	0.0	2.5823	0.0	3.9197	0.0	0.0	0.0	0.0	1.9604
FEV	1.4573	0.0	0.0	0.0	0.0	0.0	0.0	8.9953	0.0	0.0	0.0	0.0
FLI1	1.9926	0.0	2.9522	19.8299	1.3293	6.7597	47.8964	1.1824	6.4504	13.8365	0.0	0.0
FOS	30.2884	93.3154	62.7328	989.6094	30.4504	11.4644	547.8965	21.8321	26.7075	27.2402	20.6106	12.4898
FOSB	3.4365	19.803	0.0	182.5928	4.5663	0.0	15.1285	5.2809	3.3837	1.3262	0.0	0.0
FOSL1	11.5144	1.6618	19.8139	58.9745	2.9678	0.0	13.1561	1.2338	163.0037	21.5688	0.0	0.0
FOSL2	33.1342	10.0782	58.4244	167.4426	11.2532	4.0583	99.2796	3.4702	54.2308	20.2868	2.3333	4.7918
FOXA1	0.0	0.0	7.2654	0.0	7.0964	15.3567	9.5872	0.0	0.0	0.0	0.0	1.1025
FOXA2	0.0	0.0	0.0	14.5162	5.3924	10.1777	7.4006	9.3116	0.0	0.0	0.0	0.0
FOXC1	2.1294	13.2176	1.9265	4.916	0.0	0.0	1.0513	0.0	0.0	2.3151	0.0	0.0
FOXD1	0.0	0.0	0.0	0.0	0.0	0.0	0.0	0.0	0.0	0.0	0.0	0.0
FOXD3	0.0	0.0	0.0	0.0	0.0	0.0	0.0	0.0	0.0	0.0	0.0	0.0
FOXF2	0.0	0.0	6.3161	1.1505	7.1721	0.0	5.3915	0.0	0.0	0.0	0.0	0.0
FOXH1	5.0289	7.5393	2.428	0.0	4.3748	0.0	0.0	6.6382	0.0	0.0	0.0	4.6648
FOXI1	0.0	0.0	0.0	0.0	0.0	0.0	0.0	0.0	0.0	0.0	0.0	0.0
FOXL1	0.0	2.9361	0.0	0.0	0.0	0.0	0.0	0.0	0.0	0.0	0.0	0.0
FOXO1	1.4389	1.8704	2.6592	18.5052	3.083	4.0538	6.9801	2.5177	48.1916	5.6584	0.0	0.0
FOXO3	2.8426	4.4896	6.7257	15.965	5.211	4.0533	12.436	3.1717	19.9605	11.6529	0.0	0.0
FOXO3B	0.0	0.0	0.0	0.0	0.0	0.0	0.0	0.0	0.0	0.0	0.0	0.0
FOXP1	2.2241	7.4666	8.9078	8.7485	7.0277	4.4648	11.2287	2.7618	6.7099	3.6383	0.0	0.0
FOXP2	0.0	0.0	2.0441	2.5485	1.2351	1.5634	0.0	0.0	2.8878	0.0	0.0	0.0
FOXQ1	0.0	0.0	6.9302	2.3751	5.9417	0.0	1.0109	0.0	0.0	0.0	0.0	0.0
GABPA	2.4352	2.854	4.8891	4.5882	2.8273	4.3018	5.3129	1.673	3.5114	3.2331	0.0	0.0
GATA1	0.0	0.0	0.0	0.0	0.0	0.0	0.0	0.0	0.0	0.0	0.0	0.0
GATA2	4.0511	0.0	2.1208	8.7913	0.0	0.0	19.5525	2.1276	4.6499	12.1942	0.0	0.0
GATA3	1.5878	0.0	0.0	1.5762	0.0	0.0	1.2835	0.0	0.0	0.0	0.0	0.0
GATA4	0.0	0.0	0.0	12.4277	4.818	14.4269	0.0	3.021	0.0	38.3695	0.0	13.0308
GATA5	0.0	0.0	0.0	0.0	3.8153	0.0	0.0	0.0	0.0	0.0	0.0	2.9945
GATA6	17.1346	7.5138	0.0	19.9213	5.1964	4.875	8.7895	5.4772	0.0	24.8131	0.0	3.7589
GATAD1	10.9667	10.4671	8.0478	14.7577	6.3524	6.7848	10.568	7.8055	7.4036	6.815	1.0327	1.7496
GFI1	0.0	0.0	0.0	3.4315	0.0	0.0	1.1502	1.5429	0.0	0.0	0.0	0.0
GFI1B	0.0	0.0	0.0	0.0	0.0	0.0	0.0	0.0	0.0	0.0	0.0	0.0
GTF2A1	1.4776	2.3701	4.7604	3.6835	1.9281	5.1631	6.8289	1.4677	5.7195	2.7572	0.0	0.0
GTF2A2	35.2972	31.0012	85.442	84.8388	48.4914	39.791	85.3025	24.8264	145.7095	117.4522	11.6664	10.5732
GTF2I	7.8485	7.2517	35.2621	72.0685	8.0993	30.9233	46.7538	9.095	22.6842	13.3726	0.0	3.0256
GTF2IRD1	9.7555	1.1774	17.1705	5.6267	16.1995	2.2564	6.1188	3.9246	43.6395	12.5375	0.0	0.0
HELT	0.0	0.0	0.0	0.0	0.0	0.0	0.0	0.0	0.0	0.0	0.0	0.0
HINFP	6.2695	4.0322	6.1761	7.5744	3.9192	5.2496	6.522	3.3891	6.9454	4.7763	0.0	1.6878
HLF	3.4291	2.6506	8.7577	1.7883	4.1932	19.3498	2.5227	1.1889	1.0443	2.5521	0.0	0.0
HLTF	2.3499	3.2974	2.355	3.9531	1.981	3.1174	3.7252	2.5424	2.365	3.2615	0.0	0.0
HNF1A	0.0	0.0	0.0	5.5647	1.7044	13.2277	0.0	2.3923	0.0	0.0	0.0	3.2158
HNF1B	0.0	0.0	0.0	14.3645	1.8741	4.81	2.6563	12.7525	0.0	0.0	0.0	1.6782
HNF4A	0.0	0.0	0.0	13.6815	1.8392	98.0877	0.0	3.2103	0.0	0.0	4.2173	12.4644
HNF4G	0.0	0.0	0.0	3.7633	0.0	6.0975	0.0	0.0	0.0	0.0	1.335	13.8177
HOXA5	11.9709	0.0	2.6969	6.8	3.614	0.0	6.2458	0.0	3.8696	0.0	0.0	0.0
HOXA9	1.0257	0.0	0.0	3.8038	0.0	0.0	0.0	0.0	11.2429	0.0	1.693	0.0
HOXC9	2.8942	0.0	0.0	0.0	0.0	0.0	0.0	0.0	10.554	0.0	0.0	0.0
HSF1	47.18	24.681	33.019	54.4535	21.0895	22.2236	40.5332	16.2859	94.5186	73.2912	2.104	3.1189
INSM1	1.3993	0.0	0.0	2.7872	0.0	0.0	0.0	6.3749	0.0	0.0	0.0	0.0
IRF1	6.4262	3.3643	10.3305	50.4983	19.7988	17.2777	90.5673	8.4131	7.2653	8.4786	2.7149	7.4409
IRF2	7.7462	4.4532	12.2365	12.2366	7.9407	11.4307	36.9963	2.8852	13.196	6.5619	2.2737	4.8382
JUN	21.9173	29.1062	36.9257	285.134	30.4061	17.6646	103.001	13.8676	101.526	57.7955	7.2847	5.1449
JUNB	106.212	144.989	261.521	931.793	56.2489	35.0904	463.462	49.1189	100.693	43.9244	16.8574	4.6916
JUND	105.1341	44.8249	75.4649	266.3956	42.5268	37.7442	170.6735	37.858	31.2447	213.3673	16.872	25.648
KLF1	0.0	0.0	0.0	0.0	0.0	0.0	0.0	0.0	0.0	0.0	0.0	0.0
KLF10	5.6997	4.4055	13.2283	59.9314	10.7038	7.1235	33.4757	12.2311	70.6949	7.791	2.4727	1.3074
KLF11	2.1875	2.3739	3.119	19.7923	1.7172	11.6317	8.9713	4.737	6.9713	3.7822	0.0	0.0
KLF12	0.0	1.0711	0.0	0.0	0.0	3.3025	0.0	0.0	1.3262	1.363	0.0	0.0
KLF13	6.6036	5.3169	10.1739	41.5102	14.0027	10.4006	33.1457	3.2417	8.6525	18.7321	1.0255	5.8483
KLF14	0.0	0.0	0.0	1.7401	0.0	0.0	0.0	0.0	1.8302	0.0	0.0	0.0
KLF15	3.8022	9.7974	5.9973	25.8522	6.7607	51.6646	11.9077	3.0983	45.2755	38.3617	0.0	0.0
KLF16	2.3506	1.4855	11.2748	8.1139	2.0267	12.6498	12.6717	2.4448	10.0625	4.7807	0.0	1.1368
KLF17	0.0	0.0	0.0	0.0	0.0	0.0	0.0	0.0	0.0	0.0	0.0	0.0
KLF4	5.1885	8.8057	82.6455	107.6453	13.037	2.5057	54.8683	2.1956	9.3435	15.7245	17.7735	9.2133
KLF5	1.5542	0.0	331.9496	3.6133	36.0289	0.0	16.7936	1.5699	246.2197	0.0	7.8282	14.7673
LEUTX	0.0	0.0	0.0	0.0	0.0	0.0	0.0	0.0	0.0	0.0	0.0	0.0
LHX3	0.0	0.0	0.0	0.0	0.0	0.0	0.0	0.0	0.0	0.0	0.0	0.0
LTF	0.0	0.0	1.9881	7.7871	193.56	1.7152	79.951	2.2133	1.3522	2.2115	0.0	0.0
MAFB	2.724	1.0727	14.6891	26.9623	3.4436	8.0882	107.0625	13.2465	9.6803	4.5048	0.0	0.0
MAFF	7.8486	13.0664	26.0561	71.4308	6.3618	1.8664	36.73	4.4625	69.1591	13.6599	2.11	1.7996
MAFK	7.6992	20.1399	11.5918	30.0057	3.4989	8.4159	41.4619	8.6832	34.0221	50.1527	1.7354	3.0207
MATR3	32.9776	33.952	66.174	67.8949	37.7871	36.915	74.0327	29.0321	61.9227	56.3109	7.4695	8.2182
MAX	17.5714	9.9365	40.4488	21.4949	19.5753	12.0669	34.4462	7.6681	34.7978	23.2751	5.7552	6.8527
MECOM	0.0	2.4749	8.3568	12.3905	11.9141	0.0	15.5326	2.879	2.0743	4.7723	0.0	2.3205
MEF2A	7.0782	7.0783	8.9228	17.5808	4.577	8.5438	26.1339	4.4981	14.2362	20.9302	0.0	1.2052
MEF2C	9.9776	6.1962	1.6532	11.052	1.484	3.1277	8.3933	0.0	51.9225	8.7653	0.0	0.0
MEIS1	26.911	6.5209	14.4763	22.7865	14.8401	1.257	6.9092	15.0583	1.5342	30.9033	0.0	0.0
MESP1	4.6836	0.0	0.0	14.5405	1.0405	0.0	1.0497	0.0	6.0769	1.8374	0.0	0.0
MESP2	0.0	0.0	0.0	0.0	0.0	0.0	0.0	0.0	0.0	0.0	0.0	0.0
MITF	0.0	1.0778	2.8155	4.6511	1.5192	1.2464	4.4465	0.0	17.8744	16.9774	0.0	0.0
MLLT1	1.5794	4.0303	6.5379	19.175	1.2469	8.4579	20.9544	2.1339	10.9678	7.9716	0.0	0.0
MLLT3	3.9334	0.0	4.5448	3.5968	2.7267	0.0	5.2703	1.3772	2.5503	3.8027	7.1205	1.59
MNT	2.4716	2.0355	6.9952	13.4207	1.9971	1.8564	11.6822	2.1659	2.8952	3.012	0.0	0.0
MTERF	2.6609	1.7413	4.4109	2.4008	3.0892	4.8416	3.1001	1.345	4.5405	3.242	0.0	1.4871
MTF1	0.0	0.0	4.0318	2.4244	0.0	1.727	8.5191	0.0	3.736	1.2745	0.0	0.0
MYB	0.0	0.0	1.7974	0.0	0.0	0.0	0.0	0.0	0.0	0.0	0.0	0.0
MYBL1	0.0	0.0	0.0	0.0	0.0	0.0	0.0	0.0	0.0	1.2384	0.0	0.0
MYBL2	0.0	0.0	8.6103	4.6792	2.5252	1.564	1.4174	1.2409	0.0	0.0	0.0	0.0
MYC	11.6365	9.8173	44.9245	241.1131	17.1325	12.9249	45.9599	10.5856	87.1323	13.8104	1.2107	0.0
MYCN	0.0	0.0	0.0	0.0	0.0	0.0	0.0	0.0	0.0	0.0	0.0	0.0
MYOD1	0.0	0.0	0.0	0.0	0.0	0.0	0.0	0.0	41.1345	0.0	0.0	0.0
MYOG	0.0	0.0	0.0	0.0	0.0	0.0	0.0	0.0	93.3315	0.0	0.0	0.0
MYT1	0.0	0.0	0.0	0.0	0.0	0.0	0.0	0.0	0.0	0.0	0.0	0.0
MYT1L	0.0	0.0	0.0	0.0	0.0	0.0	0.0	1.1345	0.0	0.0	0.0	0.0
NFAT5	0.0	1.2716	2.1566	2.8444	0.0	1.3774	3.5855	1.0499	1.5493	1.1428	0.0	0.0
NFATC1	2.2135	1.6034	1.1984	11.6782	0.0	0.0	6.8601	1.1095	8.6013	3.744	0.0	0.0
NFATC2	0.0	0.0	0.0	4.2659	0.0	0.0	0.0	0.0	0.0	0.0	0.0	0.0
NFATC3	1.0307	1.9382	3.9307	6.859	1.3096	10.8504	10.4072	1.1257	8.1588	3.2407	0.0	0.0
NFATC4	127.3391	128.4605	14.6782	23.6536	26.704	1.9416	8.7742	20.6084	4.2975	16.9442	0.0	4.2511
NFE2L2	14.8095	23.7826	111.8897	43.0352	35.9577	22.2165	45.6702	9.9794	32.147	18.0852	4.0684	8.3062
NFIC	13.2952	9.1883	12.4711	52.8741	7.5687	62.1555	30.3713	5.6771	111.3386	37.8103	0.0	0.0
NFIL3	11.1887	2.9478	8.7623	79.831	8.6021	7.4171	45.5348	6.3773	85.0447	15.5419	2.0795	0.0
NFKB1	3.8285	2.3366	12.2824	31.5794	4.3295	8.9206	38.6302	2.9675	10.5789	5.2268	1.234	1.5209
NFYA	2.5679	1.4582	4.8239	5.9307	1.931	4.1096	10.2786	2.9633	6.3559	2.7925	0.0	0.0
NFYB	12.4697	14.372	10.2332	10.5291	7.5362	5.9744	11.0154	3.8853	11.5375	16.0377	3.4203	1.8882
NHLH1	0.0	0.0	0.0	0.0	0.0	0.0	0.0	0.0	0.0	0.0	0.0	0.0
NKX2-5	0.0	0.0	0.0	0.0	0.0	0.0	0.0	0.0	0.0	181.8485	0.0	0.0
NKX3-1	0.0	0.0	0.0	1.6895	0.0	1.6699	2.1259	0.0	1.9384	0.0	0.0	0.0
NKX3-2	0.0	0.0	0.0	0.0	0.0	0.0	0.0	0.0	0.0	0.0	0.0	0.0
NOBOX	0.0	0.0	0.0	0.0	0.0	0.0	0.0	0.0	0.0	0.0	0.0	0.0
NOTO	0.0	0.0	0.0	0.0	0.0	0.0	0.0	0.0	0.0	0.0	0.0	0.0
NR2C2	2.3157	1.5619	2.8715	3.9623	1.5701	2.5783	6.4895	1.6083	5.682	2.5789	0.0	1.1251
NR2E3	0.0	0.0	0.0	0.0	0.0	0.0	0.0	0.0	0.0	0.0	0.0	0.0
NR2F1	23.4717	0.0	7.1455	22.7243	3.9477	11.0127	31.029	1.2081	0.0	0.0	0.0	0.0
NR3C1	2.3332	2.9464	5.5741	12.693	4.2892	17.9878	15.807	2.0799	13.7682	6.3714	0.0	1.3547
NR4A2	5.0463	6.9832	1.4351	7.3554	2.1836	0.0	2.2869	1.1659	0.0	0.0	0.0	0.0
NR5A2	0.0	0.0	0.0	21.5502	0.0	9.5562	1.9921	7.9473	0.0	0.0	0.0	2.0578
NRF1	2.5244	1.9652	4.0963	3.7863	2.2185	1.866	6.9834	2.0621	3.0628	3.5428	0.0	0.0
ONECUT1	0.0	0.0	0.0	5.1916	0.0	5.8267	0.0	2.018	0.0	0.0	0.0	0.0
ONECUT2	0.0	0.0	0.0	0.0	0.0	1.3867	0.0	0.0	0.0	0.0	0.0	0.0
ONECUT3	0.0	0.0	0.0	0.0	0.0	0.0	0.0	0.0	0.0	0.0	0.0	0.0
OTP	0.0	0.0	0.0	0.0	0.0	0.0	0.0	0.0	0.0	0.0	0.0	0.0
OTX1	0.0	0.0	0.0	0.0	0.0	0.0	0.0	0.0	0.0	0.0	0.0	0.0
OTX2	0.0	0.0	0.0	0.0	0.0	0.0	0.0	0.0	0.0	0.0	0.0	0.0
PARP1	5.0372	2.2823	21.6657	32.335	7.4352	37.1105	36.3606	6.5247	15.9589	46.1291	0.0	1.9076
PATZ1	6.6656	2.3135	3.702	9.5773	8.1509	7.0875	7.7474	7.8502	5.8615	3.9463	0.0	0.0
PAX2	0.0	0.0	0.0	0.0	0.0	0.0	0.0	0.0	0.0	0.0	0.0	0.0
PAX4	0.0	0.0	0.0	0.0	0.0	0.0	0.0	0.0	0.0	0.0	0.0	0.0
PAX5	0.0	0.0	0.0	0.0	0.0	0.0	0.0	0.0	0.0	0.0	0.0	0.0
PAX6	0.0	0.0	0.0	4.6039	0.0	0.0	0.0	27.3176	0.0	0.0	0.0	0.0
PBX1	4.6605	5.01	9.2976	25.959	6.0291	2.2312	7.7347	5.9986	16.7276	10.1308	0.0	1.4632
PDX1	0.0	0.0	0.0	6.2728	0.0	0.0	0.0	7.4247	0.0	0.0	0.0	4.9562
PITX1	0.0	0.0	456.5966	0.0	77.0397	0.0	1.2152	0.0	26.1814	0.0	0.0	1.339
PITX2	0.0	0.0	1.3829	0.0	0.0	0.0	0.0	0.0	30.6681	0.0	0.0	0.0
PITX3	0.0	0.0	0.0	0.0	0.0	0.0	0.0	0.0	6.2936	7.5219	0.0	0.0
PLAG1	0.0	0.0	0.0	0.0	0.0	0.0	0.0	0.0	0.0	0.0	0.0	0.0
POU2F2	1.1172	1.1537	0.0	0.0	1.1331	0.0	7.8454	0.0	0.0	0.0	0.0	0.0
PPARA	1.4389	1.4968	3.3518	14.8054	1.9414	42.6034	4.6274	0.0	8.5952	10.9654	0.0	2.0506
PPARD	10.1429	4.0644	21.2565	13.264	5.1741	6.2996	17.2967	2.6611	121.1488	9.942	1.368	1.2417
PPARG	7.5002	1.0586	2.3871	124.2322	3.6946	5.2346	14.5068	0.0	3.0677	7.2086	6.1774	3.2073
PRDM1	0.0	0.0	22.6644	2.0241	1.5967	0.0	5.795	0.0	0.0	0.0	0.0	0.0
PRDM10	0.0	0.0	1.833	1.4734	0.0	1.3242	1.5639	0.0	1.6953	0.0	0.0	0.0
PRDM12	0.0	0.0	0.0	0.0	0.0	0.0	0.0	0.0	0.0	0.0	0.0	0.0
PRDM13	0.0	0.0	0.0	0.0	0.0	0.0	0.0	0.0	0.0	0.0	0.0	0.0
PRDM14	0.0	0.0	0.0	0.0	0.0	0.0	0.0	0.0	0.0	0.0	0.0	0.0
PRDM15	1.1134	1.181	1.516	1.5287	1.2245	0.0	1.5438	1.0186	1.8162	0.0	0.0	0.0
PRDM16	0.0	5.1558	0.0	5.3967	1.009	0.0	2.8782	1.7465	0.0	3.3367	0.0	1.2557
PRRX2	4.7551	12.3188	3.107	5.2131	1.4917	0.0	2.7024	0.0	0.0	2.0036	0.0	0.0
PTF1A	0.0	0.0	0.0	9.4791	0.0	0.0	0.0	3.8651	0.0	0.0	0.0	0.0
RARA	9.1902	6.0238	4.7622	26.1007	4.5645	21.124	34.3063	4.1552	47.2044	12.6864	2.1781	3.917
RARB	0.0	0.0	1.5242	1.9047	1.2558	1.8289	1.8428	0.0	1.2347	2.7588	0.0	0.0
RARG	7.943	6.6781	75.3768	4.8025	13.1827	2.0498	7.2396	2.7403	7.2368	4.8943	0.0	0.0
REL	0.0	0.0	1.8106	4.7969	0.0	0.0	7.851	0.0	0.0	0.0	0.0	0.0
RELA	14.8517	14.4979	28.9308	62.9154	13.3803	23.562	40.7933	8.9287	72.123	24.1347	1.7214	3.4609
RELB	7.2153	2.3849	4.9695	36.7122	6.4993	2.228	41.4835	8.3754	7.9693	8.2289	1.4962	2.2054
REST	1.0813	1.3495	3.3187	3.5052	1.372	3.7166	5.073	1.1098	6.068	2.3119	0.0	0.0
RFX1	2.5336	0.0	2.9639	4.0018	1.2616	2.7433	3.7579	3.3064	4.0722	2.044	0.0	0.0
RFX2	3.7008	2.7618	5.1435	17.1597	2.7958	0.0	15.4907	3.8798	0.0	5.7673	0.0	0.0
RFX5	7.2629	5.806	9.0639	11.1489	5.6993	5.1591	17.7183	2.6723	4.2243	4.2658	0.0	2.214
RREB1	2.8568	10.07	9.6825	17.5725	3.4553	9.4881	7.6658	2.3479	6.1465	1.9893	0.0	0.0
RUNX1	1.1796	0.0	2.9462	23.8323	3.3035	1.0559	24.5008	0.0	14.3565	0.0	2.5544	0.0
RUNX2	0.0	0.0	0.0	0.0	0.0	0.0	1.7442	0.0	0.0	0.0	0.0	0.0
RXRA	10.7738	4.0805	24.7922	74.5763	7.7371	90.6062	43.392	6.0812	48.6304	14.9035	1.6026	3.3326
SATB1	4.2248	2.2885	4.6851	13.5516	3.7386	3.7953	8.011	5.831	12.6517	5.8162	0.0	1.3236
SATB2	2.476	0.0	0.0	0.0	0.0	0.0	0.0	0.0	0.0	0.0	2.0942	0.0
SCRT1	0.0	0.0	0.0	0.0	0.0	0.0	0.0	0.0	0.0	0.0	0.0	0.0
SCRT2	0.0	0.0	0.0	0.0	0.0	0.0	0.0	0.0	0.0	0.0	0.0	0.0
SETBP1	0.0	1.2852	1.1423	1.7435	0.0	2.8091	1.65	0.0	1.9469	0.0	0.0	0.0
SIRT6	18.797	5.922	11.6581	14.4185	8.6551	8.8649	24.2619	7.5902	15.3736	17.4809	3.6964	4.115
SOX10	1.3827	0.0	0.0	0.0	1.2042	0.0	0.0	0.0	0.0	1.156	0.0	0.0
SOX17	2.4062	0.0	1.2612	33.073	1.2676	0.0	6.315	0.0	5.3611	12.1339	0.0	0.0
SOX2	0.0	0.0	18.751	0.0	11.8484	0.0	3.2967	0.0	0.0	0.0	0.0	0.0
SOX21	0.0	0.0	7.7157	0.0	1.999	0.0	0.0	0.0	0.0	0.0	0.0	0.0
SOX3	0.0	0.0	0.0	0.0	0.0	0.0	0.0	0.0	0.0	0.0	0.0	0.0
SOX30	0.0	0.0	0.0	0.0	0.0	0.0	0.0	0.0	0.0	0.0	0.0	0.0
SOX5	0.0	1.4655	0.0	4.1638	0.0	2.4835	1.1985	0.0	0.0	0.0	0.0	0.0
SOX6	0.0	0.0	0.0	3.2059	0.0	1.5311	0.0	1.2669	4.1632	0.0	0.0	0.0
SOX9	1.103	0.0	2.8273	9.2865	4.921	0.0	1.4895	9.115	0.0	3.3291	0.0	0.0
SP1	6.1278	3.8398	17.5229	14.8054	7.2472	6.8806	18.4922	2.949	9.7691	5.2239	0.0	1.5348
SP100	27.5694	15.1256	13.9085	28.9645	15.5721	17.5812	48.1007	8.0708	6.0328	12.5009	3.7195	5.0724
SP110	2.4575	4.0658	5.4635	7.2273	4.4117	5.4089	20.2764	2.116	2.6274	3.4604	0.0	1.304
SP140L	6.9481	2.7484	3.8678	6.3067	5.1069	4.3146	9.0051	1.8099	2.0965	1.4521	0.0	1.3635
SP2	1.8387	2.9044	7.1659	8.1368	2.2641	4.0306	9.6865	2.1289	3.9767	4.799	0.0	0.0
SPI1	17.0913	1.2649	5.7508	30.2977	4.2611	11.6204	235.0929	1.5526	2.7145	6.8628	1.0648	2.483
SPIB	0.0	0.0	0.0	1.4073	1.1564	0.0	1.0573	0.0	0.0	0.0	2.4723	5.609
SPZ1	0.0	0.0	0.0	0.0	0.0	0.0	0.0	0.0	0.0	0.0	0.0	0.0
SREBF1	165.3405	5.293	61.4334	151.5616	26.6943	92.8814	44.1978	18.9175	11.9006	30.8837	1.2919	11.4594
SREBF2	26.9214	3.9558	47.8745	27.7698	19.4072	41.8561	50.3014	7.9229	14.4167	33.3743	0.0	1.2949
SRF	7.9568	9.5312	20.0621	44.019	10.4314	8.6862	39.854	3.1031	33.4785	41.1345	0.0	1.0209
SRY	0.0	0.0	0.0	0.0	0.0	0.0	0.0	0.0	0.0	0.0	0.0	0.0
ST18	0.0	0.0	0.0	0.0	0.0	0.0	0.0	2.9281	0.0	0.0	0.0	0.0
STAT1	3.644	9.2705	12.2292	23.1128	14.3649	32.601	49.3786	4.4415	11.5244	9.2031	1.4894	2.2377
STAT2	15.7906	24.9457	17.5268	33.9022	11.9719	39.6194	46.1054	13.1708	10.357	11.0342	1.1838	5.1372
STAT3	18.6211	17.3757	49.9018	118.3586	14.3846	105.3425	145.2254	11.5354	72.9706	40.5504	2.8558	4.9217
STAT4	0.0	0.0	0.0	2.2045	0.0	0.0	3.9194	1.7817	0.0	0.0	0.0	0.0
STAT5A	12.7807	5.1905	4.9408	100.9719	4.0283	3.6662	31.3567	2.8087	8.2947	5.4575	0.0	0.0
STAT5B	19.6623	11.3527	10.0425	32.6964	7.1175	9.1391	28.8823	6.319	23.434	8.8849	0.0	1.6197
STAT6	61.25	78.3569	78.4258	68.3553	57.9676	46.4805	129.7362	37.9755	7.1466	22.5414	3.9922	65.2242
T	0.0	0.0	0.0	0.0	0.0	0.0	0.0	0.0	0.0	0.0	0.0	0.0
TADA2B	4.6804	1.9436	6.2112	13.8786	3.7108	10.2816	10.7456	2.6328	15.7765	9.6233	0.0	1.6079
TAL1	1.4934	0.0	0.0	2.9246	0.0	0.0	5.3515	1.1264	1.4284	1.4889	0.0	0.0
TAL2	0.0	0.0	0.0	0.0	0.0	0.0	0.0	0.0	0.0	0.0	0.0	0.0
TAX1BP1	35.0185	15.1965	66.5997	36.4474	21.8619	27.903	47.2904	11.9155	56.619	65.1633	6.2268	9.7386
TBP	3.9113	3.6798	5.4591	6.5061	3.5085	3.9463	7.7644	5.0304	6.2457	4.429	0.0	1.4418
TBR1	0.0	0.0	0.0	0.0	0.0	0.0	0.0	0.0	0.0	0.0	0.0	0.0
TBX1	0.0	1.675	1.1549	1.1676	0.0	0.0	1.6954	0.0	41.5678	0.0	0.0	0.0
TBX10	0.0	0.0	0.0	0.0	0.0	0.0	0.0	0.0	0.0	0.0	5.9596	5.6203
TBX15	0.0	0.0	0.0	1.1936	0.0	3.7326	0.0	0.0	31.4024	0.0	0.0	0.0
TBX18	0.0	18.4102	0.0	2.6503	0.0	0.0	0.0	0.0	0.0	1.5546	0.0	0.0
TBX19	0.0	1.277	0.0	0.0	0.0	0.0	0.0	0.0	0.0	0.0	0.0	0.0
TBX2	5.3588	27.6587	4.6393	7.5655	4.1059	2.2201	32.814	3.4186	3.4486	9.5309	0.0	0.0
TBX20	0.0	0.0	0.0	0.0	0.0	0.0	0.0	0.0	0.0	2.3513	0.0	0.0
TBX21	0.0	0.0	0.0	0.0	0.0	0.0	0.0	0.0	0.0	0.0	0.0	0.0
TBX22	0.0	0.0	0.0	0.0	0.0	0.0	0.0	0.0	0.0	0.0	0.0	0.0
TBX3	61.2757	0.0	1.3922	10.2101	0.0	20.7681	11.9865	1.0928	9.9366	6.2087	0.0	7.651
TBX4	0.0	0.0	0.0	0.0	0.0	0.0	11.0876	0.0	0.0	0.0	0.0	0.0
TBX5	0.0	0.0	1.0411	0.0	0.0	0.0	4.9738	0.0	0.0	2.7223	0.0	0.0
TBX6	0.0	0.0	4.9178	1.2299	1.2595	0.0	0.0	0.0	0.0	0.0	0.0	0.0
TCF12	3.123	4.5454	8.8648	17.4125	5.4759	13.4776	21.187	3.4347	8.7649	8.0108	0.0	3.1757
TCF15	0.0	0.0	0.0	3.0656	0.0	0.0	0.0	0.0	3.9497	9.8339	0.0	0.0
TCF19	0.0	1.0599	8.9362	1.6281	3.4484	2.9194	2.641	1.0327	1.1374	2.1527	0.0	0.0
TCF20	1.9213	1.5495	10.2031	4.006	2.4019	3.4958	7.8803	2.1381	3.4353	2.6397	0.0	0.0
TCF21	0.0	0.0	1.5066	2.2976	1.7076	0.0	13.9031	0.0	0.0	5.3573	0.0	0.0
TCF23	0.0	0.0	0.0	0.0	0.0	0.0	0.0	0.0	0.0	0.0	0.0	0.0
TCF24	0.0	0.0	0.0	0.0	0.0	0.0	0.0	0.0	0.0	0.0	0.0	0.0
TCF25	88.3502	57.9121	54.2476	71.9534	49.9697	55.7477	71.438	66.5192	34.9118	58.0378	4.8055	26.1463
TCF3	11.7113	9.4393	18.2251	18.3312	10.488	10.3214	24.2267	8.1953	19.4936	18.991	1.6786	4.5644
TCF4	8.9883	9.5492	2.5975	23.238	3.7688	4.2586	32.7864	2.3478	5.6462	6.881	0.0	0.0
TCF7	1.8532	0.0	1.6558	4.0298	1.4229	2.2647	2.3294	0.0	1.8317	0.0	0.0	1.151
TCF7L1	2.5409	6.6726	3.4467	10.3296	2.0698	5.2431	9.5621	0.0	4.272	3.2618	0.0	0.0
TCF7L2	3.9497	5.821	4.4564	17.1928	3.7662	8.9081	8.8662	3.3875	1.8399	2.7097	1.7233	2.2671
TCFL5	1.1828	1.0607	2.0417	2.5218	2.1834	1.8528	2.2523	1.5873	2.0276	1.7507	0.0	0.0
TEAD1	1.7561	2.1055	8.0436	20.528	2.4355	8.1118	8.4867	2.3585	11.8577	12.9769	0.0	0.0
TEAD2	11.0283	10.2328	6.334	19.485	9.5333	4.4407	20.9176	4.5332	13.7787	28.5194	0.0	0.0
TEAD3	5.1912	11.8014	21.5554	10.3666	12.9257	6.3521	11.2406	2.9362	9.1229	16.8408	1.2951	1.8854
TEAD4	2.9272	2.9748	6.0726	37.4151	4.1238	3.1326	21.8033	4.7137	49.2646	29.1879	0.0	0.0
TEF	3.8852	4.376	6.0338	13.7453	3.1661	8.7329	4.015	4.6803	3.6487	3.3977	0.0	0.0
TERF1	3.9575	5.7159	6.4329	9.531	4.7744	6.5397	7.945	3.0034	5.4911	8.2138	0.0	1.0924
TERF2	3.6186	3.1357	6.4344	8.423	3.9057	5.9538	7.7351	2.7623	16.1491	7.5113	0.0	1.5006
TFAM	1.4949	1.4333	7.6812	13.7835	2.1927	11.5976	13.1651	1.5013	16.2046	6.6575	1.0866	1.7747
TFAP2A	0.0	0.0	17.6329	0.0	4.9655	0.0	0.0	0.0	0.0	0.0	0.0	0.0
TFAP2B	0.0	0.0	2.4764	0.0	0.0	0.0	0.0	0.0	0.0	0.0	0.0	0.0
TFAP2C	0.0	0.0	14.3807	0.0	5.0983	0.0	1.5485	0.0	0.0	0.0	0.0	0.0
TFAP2D	0.0	0.0	0.0	0.0	0.0	0.0	0.0	0.0	0.0	0.0	0.0	0.0
TFAP2E	0.0	0.0	0.0	0.0	0.0	0.0	0.0	0.0	0.0	0.0	0.0	0.0
TFAP4	1.5463	1.1324	7.4226	8.4856	3.0839	3.834	4.1427	1.4685	5.0932	1.1086	0.0	0.0
TFCP2	3.934	2.2239	7.8024	7.7581	4.2755	3.859	12.0238	2.7383	10.6302	8.8727	1.2882	1.1108
TFCP2L1	0.0	0.0	3.4916	1.4586	4.0068	0.0	3.9231	1.0196	0.0	0.0	0.0	0.0
TFDP1	6.481	4.0652	38.719	19.6056	11.3826	16.6494	25.7281	6.3728	20.6733	15.5081	3.2041	3.6268
TFDP2	5.1466	6.9179	10.0857	19.2712	3.843	8.4612	6.603	1.6496	11.4977	8.2331	1.1362	5.6741
TFDP3	0.0	0.0	0.0	0.0	0.0	0.0	0.0	0.0	0.0	0.0	0.0	0.0
TFE3	14.9544	10.0775	14.9646	49.6821	9.0106	17.1874	40.7781	5.1765	34.8579	22.089	0.0	2.4646
TFEB	6.2595	4.1013	6.5107	8.4363	7.516	3.2812	19.4047	12.596	38.5543	23.376	1.6349	2.1219
TFEC	0.0	0.0	0.0	0.0	0.0	0.0	10.4242	0.0	0.0	0.0	0.0	0.0
TGIF1	20.0403	7.2589	24.4695	32.6362	21.6424	10.2992	46.7915	5.3276	134.6421	19.0616	3.2897	1.4328
TGIF2	1.2639	1.0893	2.8412	4.9148	1.9804	2.9142	6.4331	2.3992	1.1403	2.7495	0.0	0.0
TGIF2LY	0.0	0.0	0.0	0.0	0.0	0.0	0.0	0.0	0.0	0.0	0.0	0.0
THAP1	0.0	1.7797	2.9252	3.002	2.1499	2.1173	4.1173	1.0786	12.8899	4.2018	0.0	1.0338
THAP10	0.0	0.0	0.0	0.0	0.0	0.0	0.0	0.0	0.0	2.6437	0.0	0.0
THAP11	3.2808	4.8481	15.5389	15.1344	7.0771	8.5317	16.5643	4.3613	25.9172	17.6181	1.1372	1.4778
THAP2	1.8577	0.0	2.4003	7.4856	2.0581	0.0	1.2693	0.0	2.4887	1.8765	0.0	0.0
THAP3	10.9748	9.1564	7.3387	15.7005	10.6114	6.3339	10.5961	5.301	10.8841	13.7167	0.0	2.3076
THAP4	20.7543	8.4497	38.1108	24.8342	24.6529	24.6564	21.9647	11.6221	80.0424	52.8714	6.7661	8.4558
THAP5	2.2237	2.5627	2.8275	3.4797	2.4778	8.3052	6.5492	2.7686	7.2471	4.3228	0.0	0.0
THAP6	1.5109	2.0416	2.7175	3.5674	1.3264	2.9977	3.2356	1.4203	2.6298	2.2893	0.0	0.0
THAP7	40.4255	16.8875	15.9663	17.0805	19.2519	16.8917	17.8155	13.5971	33.208	19.6624	1.029	3.8554
THAP8	1.565	0.0	3.9021	4.0728	2.1647	4.058	4.8355	0.0	7.2804	4.6853	0.0	0.0
THAP9	0.0	0.0	0.0	1.5271	0.0	1.1088	0.0	0.0	3.4727	1.4054	0.0	0.0
THRA	13.2909	10.7964	7.5944	36.888	7.5022	5.1253	18.3119	8.4715	16.0735	17.6925	1.4397	3.0273
THRB	1.1129	7.3684	2.5479	10.3476	1.8959	6.3648	2.0677	0.0	18.5172	3.3326	1.4387	0.0
TLX1	0.0	0.0	0.0	0.0	0.0	0.0	0.0	0.0	0.0	0.0	0.0	0.0
TLX2	1.4209	0.0	0.0	0.0	0.0	0.0	0.0	0.0	0.0	0.0	0.0	0.0
TLX3	0.0	0.0	0.0	0.0	0.0	0.0	0.0	0.0	0.0	0.0	0.0	0.0
TOE1	3.1637	1.6128	5.655	4.989	2.9036	4.5209	6.6137	2.015	4.1088	2.7045	0.0	1.59
TOPORS	2.9783	1.824	4.9376	3.9092	1.9622	3.6122	4.4191	1.5057	4.8305	3.0256	0.0	0.0
TOX2	1.0029	1.5297	7.2545	1.2926	8.2531	2.0767	10.1303	0.0	0.0	0.0	0.0	0.0
TOX3	0.0	0.0	0.0	1.0476	2.985	2.3026	1.2302	1.2918	0.0	0.0	1.0274	1.1185
TOX4	5.2085	9.5897	31.8615	32.865	7.3418	18.3654	36.7472	4.336	41.843	24.3686	2.334	2.4336
TP53	5.4474	2.1111	16.7318	10.8174	10.8728	12.5049	17.8669	1.6705	6.3752	4.8308	0.0	0.0
TP63	0.0	0.0	44.8367	0.0	10.9492	0.0	2.6979	0.0	10.9704	0.0	0.0	0.0
TP73	0.0	0.0	2.8291	0.0	1.331	0.0	1.5124	0.0	0.0	0.0	0.0	0.0
TPRX1	0.0	0.0	0.0	0.0	0.0	0.0	0.0	0.0	0.0	0.0	0.0	0.0
TRERF1	2.5189	0.0	3.3825	0.0	1.7749	0.0	1.4018	0.0	0.0	0.0	0.0	0.0
TRIM28	103.9896	51.866	129.0644	160.5113	89.7672	69.4317	109.6252	53.9829	93.4289	86.1188	6.079	14.9578
TRPS1	0.0	1.0939	5.4613	3.1839	0.0	0.0	2.4674	0.0	1.049	0.0	0.0	0.0
TSC22D1	25.2432	95.5972	63.5944	47.9272	76.5812	29.0964	95.8427	21.2382	103.3444	94.9665	23.3264	11.2909
TSC22D2	5.4911	3.1604	9.4779	13.7821	3.9643	4.1298	8.4802	2.9446	18.2822	9.9235	0.0	1.2652
TSC22D3	42.6289	60.3551	45.2421	111.6542	112.9841	23.8047	270.0771	15.3152	451.5688	95.187	0.0	9.9807
TSC22D4	25.2646	7.8214	29.4766	15.1725	17.3833	11.979	39.489	11.7926	11.6579	29.247	2.5376	4.4821
TSHZ1	2.4147	1.6929	5.0204	5.2956	3.018	4.7017	5.6052	1.9937	2.0955	2.9768	0.0	1.2373
TSHZ2	2.6301	0.0	1.1564	5.9966	0.0	2.9583	0.0	0.0	0.0	0.0	0.0	0.0
TSHZ3	1.2393	1.1017	1.4485	2.4494	1.6618	0.0	3.1639	0.0	4.9309	1.2149	0.0	0.0
TUB	0.0	0.0	0.0	1.5348	0.0	0.0	1.1984	0.0	0.0	1.5138	0.0	0.0
TWIST1	6.5395	10.0572	3.2734	19.4377	1.9945	0.0	0.0	0.0	0.0	1.9942	0.0	0.0
UBTF	14.2674	11.1759	25.5215	27.0936	12.7664	18.6277	25.1811	13.2687	24.2157	21.734	1.955	4.2165
USF1	48.0625	23.8794	22.8483	27.6953	26.7207	17.7225	42.9013	27.0314	36.7616	23.1425	1.622	9.8672
USF2	64.0158	35.0641	60.7328	81.4651	40.937	71.4572	114.3877	31.9657	93.5369	88.6752	5.4215	14.2587
VENTX	0.0	0.0	0.0	0.0	0.0	0.0	2.7368	0.0	0.0	0.0	0.0	0.0
WT1	0.0	0.0	0.0	8.0962	0.0	0.0	0.0	0.0	0.0	0.0	0.0	0.0
YEATS2	1.7167	2.1994	3.8443	3.6042	1.9221	2.5808	7.8287	1.4235	1.921	2.6872	0.0	0.0
YY1	9.5744	4.9287	20.8481	14.6389	10.6125	15.0324	16.3496	4.5485	21.4088	11.4996	2.7885	3.2429
YY1AP1	15.727	11.0691	26.8566	18.6098	11.3887	12.7133	24.0851	11.3087	34.8672	21.8999	0.0	3.5126
ZBTB1	5.185	4.3914	7.0073	9.6878	6.0603	3.9345	10.277	3.1466	8.4618	3.3583	0.0	0.0
ZBTB10	0.0	1.4042	0.0	2.6608	0.0	2.4609	2.44	0.0	2.2899	1.4435	0.0	0.0
ZBTB11	1.5254	1.0802	3.2742	2.8323	2.3757	2.3892	4.0519	1.6366	3.2002	1.9572	0.0	0.0
ZBTB12	0.0	0.0	1.6319	1.4004	0.0	0.0	2.5814	0.0	1.8147	1.2082	0.0	0.0
ZBTB16	6.5409	22.1227	4.3252	38.0713	3.5168	19.7881	38.9215	3.1546	30.7846	24.2947	0.0	1.8503
ZBTB17	37.6732	28.2101	17.325	17.7019	15.3033	6.2509	25.6525	27.0895	19.0147	14.9655	0.0	5.3412
ZBTB2	2.5833	1.6897	4.0032	5.6937	2.2035	2.3602	5.8655	1.1691	5.3518	2.7472	0.0	0.0
ZBTB20	1.2455	0.0	0.0	11.3592	0.0	1.2681	0.0	0.0	1.7175	0.0	0.0	0.0
ZBTB22	5.1491	3.5155	8.7304	7.4034	4.0278	3.0345	10.3013	3.629	4.0412	6.7806	1.5853	0.0
ZBTB24	0.0	0.0	1.464	1.4641	0.0	1.1297	1.6126	0.0	1.5696	0.0	0.0	0.0
ZBTB25	1.7732	1.4364	0.0	2.3654	1.2897	1.0237	2.3887	1.1142	1.6541	1.6109	0.0	0.0
ZBTB26	0.0	1.1286	1.4268	1.5027	1.3853	0.0	1.6112	1.0679	2.4656	1.3215	0.0	0.0
ZBTB3	1.1569	0.0	1.346	2.0229	1.7762	0.0	0.0	0.0	1.0133	1.1505	0.0	0.0
ZBTB32	0.0	0.0	0.0	0.0	0.0	0.0	0.0	0.0	0.0	0.0	0.0	0.0
ZBTB33	0.0	0.0	3.6204	3.3389	1.1494	5.9864	3.3559	1.2615	2.1073	1.5444	0.0	0.0
ZBTB34	0.0	0.0	0.0	1.4793	0.0	0.0	3.0802	0.0	1.3338	1.0231	0.0	0.0
ZBTB37	0.0	0.0	0.0	0.0	0.0	0.0	1.2618	0.0	1.6763	0.0	0.0	0.0
ZBTB38	4.1318	8.6919	4.2449	11.7567	2.3041	8.352	16.5637	2.8525	28.8231	13.6262	0.0	1.9153
ZBTB39	0.0	0.0	0.0	1.2496	0.0	1.8139	1.363	0.0	0.0	0.0	0.0	0.0
ZBTB4	11.4182	8.2667	12.2601	18.8212	7.9807	4.6153	12.8848	5.3773	8.5181	12.004	0.0	0.0
ZBTB40	6.6688	3.9861	2.6459	2.7916	1.7251	1.6437	4.2829	2.3997	2.4186	2.0549	0.0	0.0
ZBTB41	0.0	1.018	1.0661	1.5276	0.0	1.2335	1.312	0.0	2.2689	1.1183	0.0	0.0
ZBTB43	1.7106	0.0	3.7141	2.9095	1.0295	2.4182	3.4818	0.0	18.3857	4.9167	0.0	0.0
ZBTB44	3.1772	1.7098	5.4612	5.8376	2.7767	4.1258	5.9094	2.4741	10.7459	4.4727	0.0	0.0
ZBTB45	2.7121	2.0511	5.7895	4.8726	2.3021	3.4178	6.2214	1.7072	5.954	5.9185	0.0	0.0
ZBTB46	2.1973	0.0	0.0	3.9881	0.0	1.1686	3.4562	0.0	1.5135	4.07	0.0	0.0
ZBTB47	4.6472	9.1915	4.7412	14.3419	4.4451	4.0338	12.5105	2.6307	44.2256	45.32	1.0423	0.0
ZBTB48	69.4483	44.4777	10.4677	12.7752	27.0905	10.7394	16.6253	38.2439	9.8671	10.4979	1.5145	16.0627
ZBTB49	1.5342	0.0	1.3529	1.0191	0.0	1.4084	2.2133	1.0633	2.5586	1.3949	0.0	0.0
ZBTB5	0.0	1.6819	7.1446	3.0713	1.7027	2.9226	4.3622	1.2735	1.9753	2.5672	0.0	0.0
ZBTB6	0.0	0.0	2.1493	1.4302	0.0	1.0604	2.4879	0.0	2.3598	1.4452	0.0	0.0
ZBTB7A	4.2086	3.4754	24.8735	14.407	3.6128	9.9307	16.0164	2.0053	12.9603	6.79	1.4662	1.5861
ZBTB7B	10.8297	5.5376	59.6908	35.4963	18.2352	30.7532	46.871	6.3058	41.6849	31.1925	5.7969	26.3522
ZBTB7C	2.355	0.0	22.8176	3.913	5.6173	0.0	3.6354	0.0	0.0	0.0	1.2445	0.0
ZBTB8A	0.0	0.0	1.4761	1.692	0.0	1.2257	2.1543	0.0	1.4117	1.2586	0.0	0.0
ZBTB8B	0.0	0.0	0.0	0.0	0.0	0.0	0.0	0.0	0.0	0.0	0.0	0.0
ZBTB9	1.3129	0.0	2.8689	2.0398	1.6489	2.4518	3.5765	1.0358	3.7636	2.6834	0.0	0.0
ZEB1	3.3817	10.3961	4.7932	14.0235	3.2425	4.3895	10.8429	1.3523	18.1055	7.8084	1.2852	1.0239
ZFAT	1.5762	1.6876	3.8362	3.247	1.6645	2.9326	4.0143	1.1171	7.9955	4.4338	0.0	0.0
ZFP91-CNTF	0.0	0.0	0.0	0.0	0.0	0.0	0.0	0.0	0.0	0.0	0.0	0.0
ZFX	2.8767	2.3334	5.5171	7.2715	1.7013	2.9532	5.042	2.7075	6.4098	2.5509	0.0	1.7418
ZMAT2	12.2934	14.4658	44.7432	35.9643	19.3139	27.3482	45.3373	11.0734	48.8828	44.4576	5.4786	5.2285
ZMAT3	0.0	2.7758	1.3659	1.0167	0.0	1.5801	1.7778	0.0	1.8982	1.3761	0.0	0.0
ZMAT4	0.0	0.0	0.0	0.0	0.0	0.0	0.0	0.0	0.0	0.0	0.0	0.0
ZNF143	2.4328	2.2997	9.4372	7.4143	6.435	3.8436	15.287	2.3278	17.7129	12.1758	1.2284	4.3183
ZNF263	6.1594	3.4922	8.6116	14.0632	5.693	7.1927	15.3425	4.504	7.3757	6.6326	0.0	1.1555
ZNF354C	0.0	0.0	0.0	0.0	0.0	0.0	0.0	0.0	0.0	0.0	0.0	0.0
